1
6
7
8
9
-10,1
-10,15
2,-15,10
-10,-14
-1,14,10
-10,-11
-10,-12
-10,-13
-11,2
-11,16
3,-16,11
-11,-15
-2,15,11
-11,-12
-11,-13
-12,3
-12,17
4,-17,12
-12,-16
-3,16,12
-12,-13
-13,4
-13,18
5,-18,13
-13,-17
-4,17,13
-23,14
-23,28
15,-28,23
-23,-27
-14,27,23
-23,-24
-23,-25
-23,-26
-24,15
-24,29
16,-29,24
-24,-28
-15,28,24
-24,-25
-24,-26
-25,16
-25,30
17,-30,25
-25,-29
-16,29,25
-25,-26
-26,17
-26,31
18,-31,26
-26,-30
-17,30,26
-36,27
-36,41
28,-41,36
-36,-40
-27,40,36
-36,-37
-36,-38
-36,-39
-37,28
-37,42
29,-42,37
-37,-41
-28,41,37
-37,-38
-37,-39
-38,29
-38,43
30,-43,38
-38,-42
-29,42,38
-38,-39
-39,30
-39,44
31,-44,39
-39,-43
-30,43,39
-49,40
-49,54
41,-54,49
-49,-53
-40,53,49
-49,-50
-49,-51
-49,-52
-50,41
-50,55
42,-55,50
-50,-54
-41,54,50
-50,-51
-50,-52
-51,42
-51,56
43,-56,51
-51,-55
-42,55,51
-51,-52
-52,43
-52,57
44,-57,52
-52,-56
-43,56,52
57
